e0e98b574405e9131352337b65e76ce9c8bee4837790d7ad189f63fc40a70899;very easy|very easy|0.46331329930464765|0.298664357944121|0.1641399714817631|0.061970635059861334|0.011911736209606878
f22d818e376e8ba06161e8802d6716d46476bc4e9a3a6d82a024fa7e1058f3a6;easy|easy|0.3755559563902786|0.4324116104807451|0.12651258201614243|0.053246207689446524|0.01227364342338738
af085eccded221cffb6b17b7d326763a5216e74b0afb2f9db059b992f5556dbb;very easy|very easy|0.5862879134998374|0.1594164329096478|0.186091821901444|0.05551014685148286|0.012693684837587881
1ad84c411973058c42451bafa520994b5cd14af984ad63f2391b07c490f2e594;easy|easy|0.12700052442782078|0.36500584640723166|0.24206790434981001|0.24587969311208333|0.020046031703054235
43fa58321477b018073849319a4dbc96ed90925d39e622ee49ed8d17eef708b7;very easy|medium|0.16034804449380805|0.33574384658717016|0.47346860886704184|0.011553053146439637|0.01888644690554031
211140432102ad0d9240f01be1fc5470bffcdaa5c1b564f83caa093448aecc1c;medium|medium|0.1501997535595612|0.3112580136804927|0.4586579363435064|0.0757396575700726|0.004144638846367148
d6e0b553a3edff4d6e1129ff300582d5cc48e7c15f950e2639c0ee9fdebb9839;very easy|easy|0.33250392649983673|0.48921642214095806|0.09475272478062016|0.07868215364483502|0.004844772933750084
10d46dbc574f52c41ef510bda751c46fbef28769c6da4ef61158b58c6ab99fa9;very easy|medium|0.16018257321014492|0.16093463419793935|0.4109610446422702|0.22876446689670876|0.03915728105293664
a40fe912879fee8af4e4729cb5f70df5d8eb41e384475b52ce433828659d43b3;very easy|easy|0.3027286860004069|0.31375674841545814|0.2152831360008926|0.15742141427076833|0.01081001531247399
d85217bd70810ce70c205b36c587bcc0606128e94d9d72b2e5fadcea24d37de5;easy|easy|0.3366976163197029|0.3817280858557619|0.24101799898236906|0.035854020639215035|0.004702278202951126
3823539d1cd3b12e2b0f617214791a0b383e3c7ad8e704c363cfadc7f4b0ded1;easy|medium|0.24994078255164884|0.3191878889110462|0.34333303994052183|0.06433992892852812|0.023198359668255085
ae825ad394bc541773898633876b38c06a6bb6929288563e4b17b386e2d3923b;hard|very easy|0.3079950027753122|0.21530534562935763|0.13581951027608483|0.3015628433261447|0.03931729799310063
7ff9ef0bd762b4a44373c79a1cd94f01b46e18782872c3a0f7e56f835cc78c2b;hard|very easy|0.5183681613229731|0.2481494243028354|0.1496565446784453|0.06687989821639895|0.016945971479347302
e225425f6ce4d5f76aa6c192e28d5fb6854c44939124dc143cacf921a91705f0;very easy|very easy|0.30272467313443097|0.2677905000396845|0.29009247092737106|0.0993568995138796|0.0400354563846338
9a8b558d9423d5a1f7215b1df051a801695f3bfb54be8bbbbf98c6da01489bb8;very easy|very easy|0.516252906680472|0.20613499328568144|0.24100187047536104|0.032945987050667064|0.003664242507818579
010bdfde9fbc8ebbc89faa16256006c69a7046b7a5d55586881e88cbef9f0d6f;medium|medium|0.12557843552727668|0.2809749884479186|0.5246049308112003|0.06277899266046666|0.006062652553137726
90790765526e1753e069ea31b819a220000d6f1bf32e4376e964a50057bd5d17;hard|very easy|0.3728696185926417|0.367585183541018|0.10438061992356171|0.09272252904483003|0.06244204889794847
64db6dea952c1125a87504c10fad17bba21b9f981f27effbd7c51d24c349b1c7;medium|medium|0.09527873076047176|0.23619898897040467|0.4914542352640349|0.11256271564551402|0.06450532935957451
408d9148a7d4fe696f2759551e670423ad520d6691a76f06a5245afa346ac1f5;easy|easy|0.22457050281711824|0.35423419659857014|0.10312191944216972|0.27027804399589533|0.0477953371462465
a000a29563515e528ca52d0f767fad37b2cb375d055a75af38a08d5de061202e;medium|easy|0.3622009939963139|0.441668449440935|0.0512457771853115|0.1383051560555278|0.0065796233219117565
121a9d15573f50b227e2c313a15ef24342b77dc1782af361d4afb3725fbcacc0;very easy|very easy|0.5569633794384523|0.14209213024456188|0.2594309077421582|0.02671531786898494|0.014798264705842834
ac29ed04c05a5997155fc643d6a0ab7f9a56f93f1c338e9c83131f98a9e55083;medium|very easy|0.6685798271837576|0.2689169711573341|0.02690587333303257|0.03118588884835335|0.004411439477522293
df592aaaac89dfe5c0a720aa586875bb4c6ab7e947fd4de95f6b606a78e59e1a;hard|easy|0.24700606729301058|0.6343356816265098|0.05824459719022737|0.04897359684146321|0.01144005704878911
3047a5c822c23a46eeda51b82c4473b88a6d68ec7dc36c1ab2e2d76feea97b90;easy|very easy|0.3100975668177238|0.25807791133353813|0.19767496699015674|0.2014481251436859|0.03270142971489548
dc241313b1fa2cf09d2a4eb61385d664ff0155eb5876e846193f9bd55053bd7c;easy|easy|0.3107576551350587|0.5872411162624017|0.056487614926090605|0.025066991298620354|0.020446622377828582
5b445d238a7f6dc90f7e01ac8c236df239009f58547eecb5cdec812115c1b4d9;easy|medium|0.35743368525236435|0.09393169541368052|0.45485429761877694|0.040208707126801385|0.05357161458837663
4797da41aaabf9e1904bdbdeb14e86f13cf22d3cd452c8949147644282b55bc2;medium|easy|0.10668957972923897|0.34288928069067187|0.1797460294884469|0.323228476467762|0.04744663362388031
f6cd3cb440435910326ca606e03c32cda515cf496e530e400cd10af70d1ba4e3;very easy|medium|0.11015088004082597|0.36957843579951116|0.3697788532892548|0.13521841594688|0.015273414923528003
d37850cf89d11714cc2f54d09bfe6eba265d8025083981da045560adcbe8e1c0;very easy|easy|0.2636507129247603|0.487430339007947|0.1394714732431746|0.1046819521359748|0.004765522688143393
8ca5960b778e3d70404af005ab891cbd28c86297279b99a8d542343c5340f38a;hard|very easy|0.7671203123106539|0.14009563740625794|0.0727171874584321|0.018297580132706368|0.0017692826919496977
0673ed0867a2a135b70af1466485924fc5eeadc87607a3b60eecc36d7f747f29;hard|medium|0.14579225262124754|0.18000102505166443|0.5574878312934706|0.06476750244801448|0.051951388585603095
67d3f9754e77e9728336ab63e34f6d2d2bbd87c37ff07e748c5948f72f0805aa;easy|medium|0.1893582522497818|0.3864021074114953|0.4058251551562672|0.00769732491075186|0.01071716027170372
b0731f4eea865555ff233fa584ccd74191d2bfa6e7272b93796ba28b5dd52c84;easy|hard|0.2309958809236213|0.21825331945331075|0.2479685516054934|0.2674382528699548|0.03534399514761981
5f94025a58c95460f885cc3638d84cb0ebc073477c292b5ee8b7b34b83f5d9b8;very easy|medium|0.2940091479750136|0.3040383856961957|0.3653614134739371|0.024837376517661502|0.011753676337192081
f3890ef077161be4d51b7970c67fedb272d61cf9394f2c1ca0d7a5434cdf30ba;very easy|very easy|0.46679180784178176|0.28691126103769793|0.1943387320285242|0.047304129290530565|0.0046540698014654654
7544e043baf6db91f5988b5e845591574dd493a7a21b76662859c9265afeef14;hard|medium|0.21719991781575787|0.2041384845127343|0.2846359202430211|0.20041764961244815|0.09360802781603857
fc19ffc63ee299512880e7fb69f5b465a3e70810a2acb09ad64e11c3feddab60;easy|easy|0.3695286848558274|0.48396608896047344|0.11808053586569647|0.025758359002802492|0.0026663313152001274
a5e148d70609404babc3de5ba510bf88e815d6e968c89c2898f7468669b8e41c;very easy|easy|0.26655934636479905|0.29254315806409026|0.28098824160196306|0.1409549164779859|0.018954337491161828
29bff72f9ea3988ca964ccb6cfd3827fa76b02198895484ee72bde328826c17c;very easy|easy|0.3973222333629254|0.49089925322888694|0.05004248846882864|0.05722959666924931|0.004506428270109887
f2393bfa7d3d449b3ada2614babbf33c67cd7abe394dde93a55dbf1338d6b507;medium|very easy|0.6973721915207639|0.09519927568595707|0.19046786008273306|0.012234900148464022|0.0047257725620817835
4a759c80a3b3545f81db24e7b47c8ec689ca5277dd14f21aad6973bff0aa9426;very easy|medium|0.15302954293231857|0.32788262161591647|0.3538066797329342|0.1531972589129896|0.012083896805841248
b01f7947a5a2466ded3a9102ac5325c4593bc77c47ad98b149b551b092d3f6f1;medium|easy|0.27200728707025823|0.42895558983799187|0.12381540506903915|0.15985490980355474|0.015366808219155837
703781b7552370064bc15fabb82cd146c5e15cfdf5885c4c392697fb741b73c6;very easy|very easy|0.6929468145912967|0.09829142560093654|0.13567319218009474|0.0711152895598758|0.001973278067796117
5f52c0e7a416a8e7ca710aad1072beaeca45b6da5af7b9e18f9df596442ea471;very easy|medium|0.2350386272112176|0.22369904641743507|0.3933692745007032|0.12693341380873416|0.020959638061910053
a3643245476680d98a2a16360b0c73c8ac48e37cc87cf4aeb7cfc57f252f841d;easy|very easy|0.588947747471821|0.18580205789537918|0.17093232209430023|0.046205734254360004|0.008112138284139583
36f1f0cca9be14a4953bb3413c586f46a7112db69a97eba409bff15470c35222;medium|very easy|0.4602632272903263|0.260717564587251|0.10559124872780644|0.15820994270754876|0.015218016687067381
b5515b1c36036c7147865b19cd10274c991b6611c2c235bf7e7410014d801e1d;very easy|very easy|0.6099171910587633|0.24355718118285585|0.13404697278901997|0.0115609952663088|0.0009176597030521786
b445f1ecf28e34ecb908501b3cf2caf60030b170e9143cf7d5c9c95993c05629;medium|very easy|0.4791830862348725|0.2559864915269361|0.2297352535378519|0.030359664101582848|0.00473550459875668
d3789b56f5d02bdc567e6ca3e53d288e06c68ef5bd3072f5a504b353b7a3732f;medium|medium|0.15495895743932547|0.209244997289604|0.41586796791731|0.19988914873208524|0.020038928621675205
aa0cb5441f725d6a3695e9d7bda36ca67e740b53c796b5f03f9b6bd4e0bf426a;medium|very easy|0.4922297130999115|0.31731509802513036|0.057059958529426386|0.1308502604410224|0.002544969904509311
d8b17a0e91388316b2e2e78dc103b81c8dd6de782b4297d9c6a619877e54d6ab;medium|easy|0.28715518364442805|0.32207900151948|0.26331621886383444|0.11384268795783646|0.013606908014421023
5d2d671898651a5aad92804c93c0bd2c45aec5415a6633648fff467d2c29cb08;hard|easy|0.10359738293840863|0.4523315835146506|0.25902081440820435|0.14107006472676198|0.043980154411974406
5aa949d30bd686f41da624eaea72f7abe4188a5f68c66925f0d4833d91dff1a6;very easy|easy|0.2591845427439948|0.5555411984259861|0.13526795484103418|0.025817273108615462|0.02418903088036933
fa431ebae3fad101574ec565b2d6fd954c8513ff3c30f68f3a31ddda21a8c467;very easy|easy|0.11720711538375274|0.47554883704268547|0.21693060912215026|0.16303762971090077|0.027275808740510707
e8a8a0dae64f8385c9a9d68912ec1d2a3ed6bce4b8076ab9b26546843c6b7386;hard|hard|0.09608558991538203|0.04767150183096766|0.055203941922201454|0.7468041312872709|0.05423483504417807
1a4e46e623fb523a98eedd558fd72ecd538b95eb6a054e5caa69d3cf336c7c32;very easy|hard|0.19112905815565565|0.21858766025466417|0.20386823202623422|0.3762757652544834|0.010139284308962567
9abdf434a8693bea4c435e265e7343daddb8e3890b817b18d4420ef8de64e549;medium|hard|0.16049385498925778|0.25849633902680547|0.18489917395906047|0.3821160277802864|0.013994604244589608
a761e4acc8dc0b61489788ee7beacd1df569839895c8278791809dd92fe5241e;very hard|easy|0.1745913886632369|0.5127682177107163|0.14192929807835555|0.1647643443320948|0.005946751215596495
df51c2c730da9cfbd6ff7e5697d77cb631eb510373d5255b562c133c88e64545;very easy|medium|0.20554769367794204|0.220286628838777|0.49047829406117427|0.07186317449709882|0.01182420892500771
abde9ba7b39615e71e0b0897efb0f5b2923b78dad1dc7a8cddece77ca3206b63;easy|very easy|0.6012747187660734|0.12943040650519094|0.2041697022151442|0.046446651742352636|0.018678520771238803
60235314573810f3b56e323f034bb721e02135fd6fc2ca4ddf095050ddb25e7c;medium|easy|0.1989542037509173|0.3496529647510588|0.076755679366876|0.3337746841900513|0.040862467941096776
9df7fe61b1f0c40ebdb9bdb75b8b4daadc9e81a1303517410baceb23be2b3d78;very easy|hard|0.08507960722585303|0.0867918435356038|0.08600895326717364|0.5635165416185253|0.1786030543528442
8672178ab7e6e4559258cf4636a09ac8735a49fdc6a6fe4676fddc8de3daec7d;easy|very easy|0.40805869312029386|0.35926772858071143|0.07849996932585068|0.13567984534514788|0.018493763627996113
698c58c0451c125ae6bc8e599892e2c661e39569b5f9da76401baa56a9264883;very hard|easy|0.09175932768311057|0.33876766829079813|0.28715082910849016|0.20363824744333747|0.07868392747426366
f7b4ed11d611ce20159f6acef5ebd3dcd886230a0f5ace2c66aad279b48a6161;very easy|medium|0.17597395692047618|0.25481245476514863|0.5337698273401533|0.0182456541936152|0.01719810678060658
7bffb2181b6cbed83edbf3aa05e2d6f528a52a3a5791181ddf0bdc0204799c3a;easy|very easy|0.6279200992284767|0.2595075837454914|0.0623904931015175|0.04533367292088405|0.004848151003630467
a70da093be082115c8c94031c3a9c8a89b1524b055185a626ec36d527bcb5179;easy|very easy|0.4334278562795515|0.13463816815494634|0.2795242692466117|0.13147814799366195|0.02093155832522867
d9f6968d7fa614a93c5161cb78830b279fa98e1180a5a5e54ebf20818226cf6f;medium|very easy|0.4834212648504896|0.0848034040343041|0.3915723594670125|0.03433764854326177|0.0058653231049321086
b1348c3149f554240bf9fc5c1126b0d23a05a1bca3186e3c5ca56f0b5532d236;very easy|very easy|0.5394590867538098|0.2416217681665945|0.18132370060829395|0.03502021572907248|0.0025752287422294096
56bce4e738d9233813f4d69231c89daeb208e631aeb8c86a0b34301d32325785;medium|very easy|0.31043189298723717|0.18993763360392926|0.21424424841257556|0.25084304773880967|0.03454317725744827
367dbd0eb24825f13bc4fd358ec48d2f88e77f5524f389851966a3aa9dbd094b;very easy|very easy|0.4002129488717889|0.3032220030716756|0.2105332813513997|0.0841146722234731|0.0019170944816626384
32aeb6d9077508eceb3ffd6ca732c0ede827d6f6c7d1056e962774f5b0f1568e;easy|medium|0.11146202622395603|0.2435734494847146|0.38104444161873385|0.21330783571411943|0.0506122469584761
29369b894c369081504bb45d18b500f19f4c881aee842250bb1da877e52ac85c;medium|medium|0.1832168302008744|0.20827094592042575|0.5809901163083537|0.020745488754809173|0.006776618815536929
b65a276923de4bb80095c5b33656ed46de6197263f8c8d16fe95418b18a7f6a5;medium|very easy|0.46986722575217243|0.260757659502278|0.14483490470026594|0.11817350442703295|0.006366705618250462
dfd0018862a4db04de282549948c46544fb6311e443483e1189f1a54d37d1de7;hard|easy|0.2424131097166691|0.5195696991465459|0.18379095155565292|0.0465598185118649|0.007666421069267267
7325841572efc0853cff04a6f1f66203a2f37019003a7e959daf729eed17064e;very easy|easy|0.2882345322142698|0.5168876853316606|0.15876027646314753|0.02891222612598255|0.007205279864939486
5f7afacf48107585cb093f695ed3fc04886c484b802c3024106a9cdfcac92575;very easy|very easy|0.417784141058713|0.3724628756222037|0.15902333477830075|0.037233872679957404|0.013495775860825298
0259a5585e8fa0250e1ef659fe943388703452bd87bbbb5b2801ddc9d5d41090;easy|very easy|0.4476290141973675|0.28478930522168305|0.1527147577050479|0.0983875550787172|0.01647936779718444
689b0c9f75c04c4b9ec034f8c70225a19e31413ca473948a47621973217013aa;easy|easy|0.30642694512363977|0.34980993568762886|0.266841780866688|0.06759221313655546|0.009329125185487943
7d36e0538e60f56c78b8081d1758b3d3349fdbbaa1bfe9e54a090cc31882621d;very easy|easy|0.27395859089535995|0.4745244612578452|0.16230265520964487|0.08478138253255377|0.004432910104596296
f17786c6594a2b43e226f7d3298f3efbc5c1c3a575674b2a7207129d57ccd7e2;hard|easy|0.3081444393360902|0.43726369628847866|0.1457507710418089|0.05849447127181758|0.05034662206180478
84263d44c6aee114e200fe76b38ccfa6f4fb9367f5079fe10da9921225ccff13;hard|very easy|0.4531482897272497|0.11244504000173834|0.12938993318183395|0.2837873948962643|0.021229342192913666
6031dd46d29326b73e2815a87d34170503055bb493817f14fad02c6458c3124d;hard|hard|0.28462831019161305|0.05053947860482912|0.283267141509671|0.3401253045155961|0.041439765178290774
343e64f432a40557ece7226be8f98e79c815d78d12ef53393f1614d2fedb5f7c;very easy|medium|0.13035720594985867|0.15786788297728127|0.6793713165157267|0.028229161764017414|0.004174432793116046
c2c2de8cd5ca4bae48851e572d17b9c697b0733a5201ca855e8de45644670b8f;easy|easy|0.2209168279661902|0.387545568499506|0.26382254473649247|0.12040748284314821|0.007307575954663302
21493482c58c6b2cae5bea8feab51d74a6326365d45f2924172a3331d5f02d26;easy|medium|0.07900036865298392|0.2008392356686588|0.392947251185454|0.12366069337002968|0.20355245112287346
b55307c5cdff823e714edef4bae49ea269f331f981bff5018781dfa34e16910d;very easy|very easy|0.6505657696513484|0.2198063140075803|0.1221885814068755|0.0059930582457988785|0.0014462766883968786
0d1b9977029b5cdf0f844fe278aa46c6964a4bee860953cda1229b3efa078c53;very easy|very easy|0.4681706567860581|0.32444408492390236|0.13747833231248835|0.05744059280856989|0.012466333168981124
5030f7b8ab08e82d4e0c69a38a6984025e5008f2b0b3dbe74d15e3a2e0ec3b3a;easy|very easy|0.43553988268693367|0.25474551093862136|0.10859814447197777|0.13537528484961858|0.06574117705284854
b62e824ebeae2fc29c9b9c0673d956eb7e137f0ec423792d2db99751ad4a10f0;hard|hard|0.2644361510152028|0.07339864516196208|0.058588056809501465|0.42628695363488783|0.1772901933784458
ccf9a41450d2b933070aa1baa1293425cd0e96c23d84cc75b0b7bd3e01672f97;very hard|very hard|0.010542270941870942|0.009051947046148437|0.028921542812648433|0.20651190182237827|0.7449723373769539
5f60592aa3736764f03e8916c1d5399a89bfc1dd2534908a87e94a951011eadc;easy|easy|0.21728513408768738|0.30190981831746316|0.17671024871148877|0.20038091467745953|0.1037138842059011
f511f841854b0f2fc1a47968ffc19287023c005defbd05b45abec23adf46298e;easy|very easy|0.5767189584053661|0.21433651789701744|0.09894133418169807|0.08126696978335096|0.028736219732567358
5c30e5790f44ffdf40e77e39836613df435c6da1b823a734e9800df2fcaff892;easy|medium|0.2795652575312732|0.33790511047856187|0.34053558685103147|0.035895475226970015|0.006098569912163614
1f4949fd37b75dffe90dc9c806ebce6adf7ae3cb0bac2c869db9d4eb235ea9e0;very easy|very easy|0.4759409265176602|0.2829011876114608|0.22010395650779008|0.01743436275305145|0.00361956661003753
2d4eb3c2f697147f1b6432fd9adccf2f4e58d644fa57f5687adf81353dd614b5;easy|easy|0.2602384907614625|0.46383663851927|0.16883913124985617|0.10231319553025|0.004772543939161235
83e1e6444607308fd571fb4990504f7454e121c194ea0d3408fa77bc118152fa;very easy|easy|0.34097146961871877|0.4533433679600511|0.06933157420215538|0.10843199852211884|0.02792158969695606
f0753f637d5611a7dfd1d72b84b8a7baca134bed12b5535bd088cf050fd3b1f6;easy|very easy|0.5257014249582941|0.2717162296074767|0.11665118532531588|0.07396061757975146|0.011970542529161887
2196efbd2542952db804cf2b3c461fda7351b6d1cc87fcbec6914834ebb7734c;medium|medium|0.06339480433324327|0.18131198694070075|0.42088372112675365|0.3275625565405846|0.006846931058717903
0820c1474b8defd2b7a64bd9ccb48dbb41a94bf359974a7dd9d874679cedfdca;very easy|very easy|0.4935577452903349|0.2381275198023649|0.18665009022026136|0.06826074859741661|0.013403896089622188
54a6cef0f0c1031986ef1172e13ed1c35a03c8f0a1868c3cbe90dc9b7f3a8da6;very easy|easy|0.2597173782052437|0.5182124028176439|0.1508102798138999|0.06038109928440479|0.01087883987880777
db8bba00cc2ae5c8d152a44b42fc15390cd4cf98ba2cadd77a17fe2d7fa91709;easy|very easy|0.4849881632924754|0.32413449522328963|0.1462759383142742|0.0404922759383509|0.004109127231609754
d8238537b91f032d474f77581a76a03a8d02b4808294137bf348a61f60d7adbc;easy|easy|0.20901950637665268|0.37733882030430577|0.2989565750071016|0.10833818655690468|0.0063469117550351865
5d68b8959733bfc4e937c1b9c519a5808c48ab26e076e7bf82f44de34a44ed5a;hard|very easy|0.4522293008331867|0.3144334390349799|0.1353544410983985|0.0896333006006566|0.00834951843277822
9a7c992a7c33a399ed0a9e9e92fd945ac76c310716ca2c43456f0a454e3bd034;medium|easy|0.11072345458914143|0.34021502747769716|0.31383497337983157|0.20554701504133435|0.029679529511995317
39a522267f2a604ceb5b7b7a0363f1db12c6abeee1d4c6cb5300eb9c5ed2c274;medium|very easy|0.5512752702859891|0.28097857664357073|0.07204978715726296|0.07966728229659516|0.01602908361658213
6a7fa6b9959c3bef71b67acfe014f2d069da82c8a0ba0c20dac03a2d8f8ef528;hard|very easy|0.3073894477941686|0.24622853698992817|0.1367384981171755|0.2648241219940081|0.04481939510471956
ac50aec4f96a935802c5386c6a052d6334f6807881ecfb4b2f4ec7e83b2f2379;easy|very hard|0.028856731684956564|0.07131176085802057|0.1228770123846274|0.25029519178132814|0.5266593032910674
b250260e3fdad0df976df266c4ac0fda9e9857af3084c571d4016eeaccdb63cc;medium|hard|0.009405119227419241|0.08451322963193353|0.20918334719817752|0.4466602252032147|0.25023807873925497
dba77b5724b8463cb0b4e67b48cbd2b65a0a35d7ff2d53617e72d62789c1b653;hard|very hard|0.01703318096071713|0.05805011277314369|0.18704890824801873|0.3424204995867197|0.39544729843140075
e26bc66ed043f3ee427957d65e3d11c74ea37409325a1896406c51994f8f53b7;hard|hard|0.09919384859851306|0.14722613527799192|0.204244775931579|0.3792578595234388|0.170077380668477
1545c2aed326d31f23fbd8b312807f16d52286b4c6f7101a4c28a840cf654f51;very hard|very hard|0.004258946674905595|0.02742270994156711|0.2973529976173232|0.1256377603771067|0.5453275853890974
0a3a11eeccd106fbefda2cdc3217bf31f31f6e9b54546edd9eb51fd0ac295a2e;hard|hard|0.009819106787047492|0.055922131635779665|0.0903546628623266|0.6815912501040696|0.16231284861077658
4c0a40502de05e79aacd7131e714319e80300f37a119a944516fbde8e1d006c4;hard|hard|0.02820095709486598|0.337093613970803|0.08474739876707617|0.4966063232444463|0.053351706922808516
cb52e995b80a1aa4fdca6097b30ee78e56dd7647de8caaeaddf210fa578826ab;hard|very easy|0.3172622408573796|0.3037355001379412|0.14082070132167207|0.17194571061771352|0.06623584706529366
96cb160f6c4bb6fa408bf052aacbfd464902b7701ad0f08f6daa49a2633fb80d;hard|very hard|0.00550432218789971|0.03597453488904438|0.08702421380703448|0.3073643661920591|0.5641325629239624
b2c7a17894b532b5683f2317becbebb227c5c5dfbd72b2cb52320a154353269c;hard|very hard|0.013399529420434616|0.018178806187264963|0.021947561576853417|0.34861251205233534|0.5978615907631116
530bf1970f9d4d7e0d9251ff452c022f7c51b423d55158c01a95db48e471c217;hard|hard|0.015422238569455588|0.055233238877274465|0.16126857025550714|0.41460341599383316|0.3534725363039298
dfb4106caced8f0b72e334f2d96310382e6b7beffbbccd7ec6b3651b105794fc;very easy|very hard|0.005288242300564496|0.029847725843999137|0.2473690254494264|0.21983090421587498|0.49766410219013507
f7a393ab36ccf9a1aafec7a21316d049176fca6f1cc1a9fffdbf77323a1d06c1;hard|hard|0.027965696350773252|0.16576303309402235|0.06795026570259176|0.396190337362796|0.34213066748981663
1f35420dc2bf42a85a59e38c2a429bd58bc85ec1ad8b6990adcbbd9d429829c0;very hard|hard|0.018389061625437467|0.13697621388009193|0.07843338810761909|0.7086329697957177|0.0575683665911339
e31389b2199961dc780bd5b13fee2ddf9c2d65d6c083fe70d0adb2e23c4a01fb;very hard|hard|0.003208947331310495|0.059098065589887276|0.06797605958319582|0.6619218892377627|0.2077950382578437
14fb87c29fc70b684582d0d2070f8b1e622d4ac1fdd5ab40f26cd380cb920f27;hard|medium|0.02714525535913031|0.2370030773671298|0.5577772095632438|0.10429630692527844|0.07377815078521761
aad29da4ed5ae2c50ec212c8da2392d526e910f428a41e0f2599393f65bfd307;hard|very hard|0.011831704766119416|0.06473871824928042|0.1284058662524985|0.2166480513743456|0.578375659357756
5200fba97927005c873c73c0466ed52f511c96b4aaca086eafdec1471fa4109b;very hard|easy|0.05413890283090938|0.3450875237729429|0.22968678277374388|0.14890480078223223|0.22218198984017165
e318c6ffc776c9e52f82a374b86004d1dca17abeeb61d13e56446c65294b70b4;very hard|easy|0.10826169663507076|0.3746553375422564|0.1620532901194525|0.12506850374488104|0.2299611719583394
932008b20316618523225004f999c2efe6f9127e5365794ef5151b049aa73c35;very easy|easy|0.10426433406106067|0.4883890816686468|0.25820105832074236|0.06942773149325758|0.07971779445629261
410e07d94cb23227d8c3c26fbd834fac934cc6cdfdf0e7a6cc4d8794f2577d29;medium|very hard|0.022285679133619278|0.01812493097654046|0.023342804230457093|0.26908280757538605|0.6671637780839971
d372b060a98a39ca30ed25b60ff16add15f9de64f5b7a7c74ead360237d53793;hard|medium|0.04000438092392591|0.1403581714526875|0.4107132123299067|0.20371451113165026|0.20520972416182962
de70005ad6332d7e4c9d44c0cd667c8b19ec761b2b4b65ebe53e85b849ce75b8;hard|hard|0.0057343242182366|0.03772278288431599|0.22271155804476328|0.4062321361249008|0.3275991987277834
d9bf455c9a06018c9867b8984949681226b80122c7115161063a1f7a110d94fe;very hard|medium|0.09563522425078265|0.37323322035783785|0.3821692952736349|0.12361157204164844|0.0253506880760962
87ac06c5c8c0ad3d7032171468229a3a789ae3a44f9fa15581ce445e092b2d00;medium|medium|0.03537403077290776|0.2081922857246724|0.4574768786891841|0.0930778137234973|0.20587899108973853
f28bda338a1ac57151585ed92b1edab480f58cff1f3c6e6afc26e50ae2b44acd;very hard|very hard|0.0026832413176676273|0.01810839536216467|0.1158424500055845|0.18038765811590615|0.682978255198677
09464799430e6491f387cabad954ee9e5e0a20cedd9c40bbb35782d2ee4ac5cd;very hard|very easy|0.3182571668670309|0.14162514630665674|0.02645653316357128|0.28078188241290575|0.23287927124983526
4650b77f3d072c858451b690e614eb1e02969055f2f4f37b913d4a14c384f699;medium|hard|0.00753804784266539|0.05654692345665666|0.19260421442570758|0.5817713666746356|0.16153944760033467
f6031bd7600ab4d2052ac1d390b086b8aadce90371049a61aef09e86176288be;very easy|easy|0.04496070491865228|0.4333190533166471|0.13466353795163866|0.17817733914762013|0.20887936466544174
358144b18910d8da5e6e2022d3c6ba0ff34c455680117ce3cc8a097f54068af1;very hard|hard|0.00972396094275556|0.3132007920430066|0.0709616951415129|0.38147609645770353|0.2246374554150215
07a766731984f4334b5f38267117a761d3f0db9804224190f8ff8ce2a6703047;very hard|very hard|0.011703838171746268|0.09391700267573903|0.10386545783618283|0.31072407651337886|0.4797896248029532
d7c780035ac7021bbe13f9cca2d9a6f681d8fc8b940b63032b05f9c034255bb1;medium|easy|0.013672765679411794|0.5095419926041688|0.2781265035374903|0.09710628683709324|0.10155245134183598
27a3496e9a570b45a967d442f9efa678be85e1902a47b9531fdd5ad5644f9863;very hard|easy|0.06792505079205625|0.3636915610109664|0.246093518551057|0.119525863057874|0.20276400658804622
419cf8a56f88bcf29159e12d9c9c3fb5cbcb6b11550b291f01c8a13cf0d9e781;very hard|very easy|0.3157744639219195|0.0700440364120616|0.15757932006699218|0.21356406813000878|0.243038111469018
039b6d44a8446729f99152bcf45f5c363af4306c14f27c299a8e85e641125e1d;medium|hard|0.11790500962622637|0.0920265224769618|0.07831052856533892|0.5493463761136133|0.16241156321785952
2dcbaab36f12c22e35e000b88c3f242a9fdc651042924f8eef47fba37fc8dcf5;medium|very hard|0.02233032381959762|0.07066463719561132|0.27957649748482694|0.20791820331882185|0.4195103381811423
9720b25df921fee33e9138d9d04bda54452f6a2467f4370665433275dd260656;very hard|hard|0.0529815302646236|0.056753886640258905|0.12165576189983922|0.45328909850268|0.3153197226925983
e3ee508bf027cab5b0d3625219ac574fa1830a24ad7f18fa8d38ac7adfcd90cf;very hard|hard|0.01157344826764408|0.12672401064007993|0.23159733171583316|0.5200727033085571|0.11003250606788567
5c225daedac6b47bde6260a53e2e7227822aecb248ca9667bebf86ee5167715c;medium|hard|0.023302715726543802|0.10235270017287844|0.09892194929414612|0.5125403006201409|0.2628823341862907
7cb0d29cb5c1c7bf679f9e466c61d7c95397dcccd425876314343341fd0ac425;medium|very hard|0.003069347428645318|0.01907560672566415|0.09255260473112717|0.19078385758839775|0.6945185835261657
b79d54aaa242032e1fc3d906d3a4c833e5309c26d4227965ccd0f74a68afdb81;hard|very hard|0.05006504121517719|0.1635442346448136|0.23663779938683502|0.15170773224752482|0.39804519250564935
6897359cd28bccb22cd4323754152ad7569d2049e203ff45a774af7a4d07fc2b;medium|medium|0.03550026913600645|0.158654453523745|0.4833562549101538|0.1752559371921148|0.14723308523797998
fb4ec1c13afd12eaa3cffd7bde4d8676882ade5f9235fbf34948de361b54594f;hard|hard|0.03813869812573563|0.29038708604481756|0.21064093993288951|0.3966230062676323|0.06421026962892502
5bca89dfa8384755ccab07f1ed3bc73447a5f12ac0defc57f2809d1a4aa3d0db;medium|hard|0.005485314358477342|0.08840661849331675|0.26044707140020007|0.384626024694854|0.2610349710531517
8eecf4f246545f1b4e0e99e57d9d8be57da283ebce97146ecb719907334d3048;very hard|very hard|0.009299480186224583|0.11343741978751401|0.2798051194722157|0.12551430593371482|0.47194367462033104
8b249dfde61e1a56d64a61641ae72941ec7eaac0febe0d2c9822d0170430229c;easy|medium|0.04011401835958446|0.28144716867913333|0.3213270205697964|0.21191096264162956|0.14520082974985624
c3503dccb1484cff90e4d44da65009c8b214250f8d5fa1f039d9bd1762860dd3;easy|very hard|0.17783887902239695|0.2266100222652468|0.24070156354058816|0.08523222787924588|0.2696173072925222
16fad5785f8b1dc18e95f58decadfa838d8ec2443ed259ebafce6b9786d539ba;medium|medium|0.008344074324406325|0.05297725799820647|0.42757032099777775|0.25252104926454416|0.25858729741506514
0bb717346394cdf92d40449ed6d942a73a6159c8105514ca88857bde2efcf2ef;very hard|very hard|0.018518701080469872|0.06667483811531291|0.2318464598090824|0.25376219354327373|0.42919780745186104
752b954eceaca6ffe936616a528c8ad2138716e182ebc9982d7a9a30d780d393;hard|very hard|0.002465863808138706|0.047216311612894954|0.10976840546915043|0.3428102377208368|0.49773918138897894
710b3799fa793c0f16970f460e72ab12e86aacea57db915efd0367a0dd097942;very hard|very hard|0.050441639781100125|0.21024390279238858|0.04329336205674005|0.25084015573221924|0.4451809396375521
f1d3c4fe493b8eb28fd73df04257d62cd39d78314e07c024a8c4c61743d4633e;very hard|hard|0.015602976718093355|0.07097154061388246|0.07669190306380946|0.454470370886374|0.3822632087178408
d96f8f56e960f28e87a2def06bbcbd47e5303fdaaef8840cfd602b1371176fbb;very hard|very hard|0.0052742222833939804|0.027152937077834817|0.18103931547773291|0.14497698182612964|0.6415565433349086
30ddc1014b32c82abf13a9996133cdb2087c49d889e669492e4263bc529eff1a;easy|medium|0.0012717737591404544|0.07603344248188286|0.667172200023901|0.12020930380095714|0.13531327993411874
0f47b5adf12e6e80c03a29391f3a8a290dd732299d4efa5ce4ccd8f6eafaa444;easy|very hard|0.01501058470138848|0.13123972101441264|0.1484251199051598|0.05876180100326127|0.6465627733757778
46dfb0483a09feda4e436a8e8720359abaeb19be5346495120fef5c97209fa50;hard|medium|0.09253609461297461|0.08890226313539527|0.41822478413929065|0.10195357961556381|0.29838327849677554
0c14ea576f9bff0a4ed83aa408ca69594029fccc0365b80e0b5b866959517089;hard|very hard|0.02839663447535741|0.0925583222425657|0.1521301056673856|0.30395210455436705|0.4229628330603242
79b149825883e69cf0ce0b822309cac5a1199d628887de2dacdeab1d6b693989;very hard|very hard|0.020328998333504333|0.07709835934270452|0.2823660904703696|0.09240825165185725|0.5277983002015643
b3afb239ff4aba159c686eacf8cc58f695e4ca0a44800af7cbdeb516bd37bb6b;easy|medium|0.06388955891748171|0.08478898066790709|0.47405200371185074|0.128372835426426|0.24889662127633444
9fa562d927e87fd8a338b52f45f5ba506e82f045b752b71d663582b5462f8096;very hard|very hard|0.006676935167341404|0.060233100869832634|0.10443066097357671|0.10494408902976123|0.7237152139594881
f0e53b0f42192fc06328beed76d24c9c99516780247006d2bacc13357c3765ef;very hard|very hard|0.032315611207861805|0.17775233243592534|0.20143653995901248|0.25350347921265204|0.3349920371845483
430184cf8f0102982102151c1b8742f71f4670ac9c0186df4a070b51cff0693f;hard|very hard|0.01817838025739844|0.10191681594362842|0.27508864287017115|0.2701207230098523|0.33469543791894973
a38a920cd656af089d1faba7865f1f8c0f29d555c3f712a72edd0da78bbb7aa4;hard|medium|0.08847895625608293|0.17092438057098103|0.4346342545951167|0.16147017234244565|0.14449223623537374
562ceb8d3ddbbdfe5db8344e3ee6d5f174bc4eae3259f545f33da9156e421041;very hard|hard|0.04849609765420964|0.14407343557159014|0.26303081750705254|0.4263479108795733|0.11805173838757434
a16516c2a94065fb646ba1bde955e2b80f20c5be455f19d8fe5524f56f0c663c;very hard|very hard|0.0013459743491630405|0.02369600803153644|0.3391569646501126|0.2883370299706814|0.3474640229985066
d84d501babfa08efd1d178a246f5629c0e3d1fc4c5e35c2ffd03738af9c0be4f;medium|very hard|0.08780219269344557|0.15605788541462082|0.23995197090903408|0.17750098550754428|0.3386869654753552
5b0f2ed0ccc60097bb4c316cdde81f201124a3041c008cd8a0b44721443daa72;hard|hard|0.05312029068566102|0.10075462030149003|0.1017950854528972|0.37785712283185574|0.366472880728096
1ccb23b5195cad2a5bcf04ab51f84fdfaa414f8aaf5bf834059abf9bb4155fc6;hard|easy|0.06305273091622006|0.6490334341261202|0.1813833159335791|0.04058820521936457|0.06594231380471606
5b0e7036ca907d2b9cbf8b0126e2640d0d26e6dd239579929b6f7783b1a8f3ca;very hard|hard|0.005112990002827655|0.015981932219262803|0.06683108783408076|0.6525406598180273|0.25953333012580143
35b03f02e1da8a7efbe17d803308c83539b3d149424c746b5f48aaee8ebfb844;very hard|hard|0.06715100627742156|0.09337485912321061|0.10708953080030953|0.6053036664101874|0.127080937388871
2f29b82db48bdd65bed8300cf4557fd50e2001b7c68305a4abda2d24a9024f05;medium|very hard|0.004174575902949758|0.035696379575627324|0.07522506066784802|0.3534601458267893|0.5314438380267856
f6a8c29c3e737e4cc0a7beca0fe4693d040f1181c9e41efe79f1b47a5000d30c;easy|hard|0.11930416959609054|0.19285616140824882|0.2069169871431605|0.4207069430125791|0.06021573883992099
b5ba57adb34dfd9de72902dfde1916dad2b40fa2e593667e5fe643d8b240268f;very hard|very hard|0.012488620109304413|0.0956078794445156|0.0732380540311686|0.3808933654052491|0.4377720810097624
0df3d524f56316546f08c36727e73b86d42b5c37381c39084910f086ea49d8ba;medium|hard|0.055266568490996655|0.05327630854695253|0.12684053851924912|0.4507804819031537|0.3138361025396479
861899716d8d5e750738bd0428cb37b4080d067ffb669096974bfc7e0314fe0d;hard|medium|0.0025658696295279065|0.03697425621732888|0.3723547675582514|0.28014889751321337|0.30795620908167826
f5906ad3b38e456e5b7df53adf25776dd4351a0e970d638c98a3ea3c2e3cc1ba;very hard|hard|0.0013589800136158661|0.02266136581100342|0.08339164003497691|0.546962572179028|0.3456254419613758
4e05df2f838705ec4862bf618d1026c967a08d4d8221b1e52c492bf2dbcc7776;hard|very hard|0.014472474868384376|0.008587192882626738|0.026459619625592394|0.29130071949390485|0.6591799931294917
5822b042e632b92581f4de42f29f9caa99576a33a8ca17eb326ffa5666e7adba;very hard|hard|0.01599391148128236|0.09676636399751345|0.136713405584885|0.5430230694205564|0.20750324951576274
e3227a1793271dd40f9154fbee7b6176cfb598941bd348f0b1a64a7788b2667f;very hard|very hard|0.20071581059602686|0.17701643170446132|0.16873845653473482|0.038499201673794996|0.4150300994909819
7f5ba0b96cff0783c02313e38705b92d6ee2f3f62055bd87a70e5cfd76a82247;very hard|very hard|0.02134845589208679|0.0372069959587582|0.07791699410117021|0.11533628988692272|0.7481912641610621
d375bef4477064410d5f84f0c812c52a6cd87e70c1940539f8d799a852de3259;very hard|very hard|0.003380732988945499|0.044839338267433956|0.26188356614309816|0.1215777758693061|0.5683185867312163
de137bb38d9254079c6f063b83cff824932c0bee69bd6861fe14527d9ca89b28;very hard|very hard|0.019859010292385144|0.15821950071467414|0.24786958151890184|0.08641318375230578|0.4876387237217332
fb02a6271662dbaf28d355a5642ab5fef2d26d04f1ffc5bfe74b4b2ba0232e3f;very hard|hard|0.007646413490222964|0.039191298140326965|0.2604688335257798|0.4154287723320378|0.27726468251163244
be994bfe4ab67dd20501c1b879d295d11e1e55dc79c621ff7c17e665dcb56fd2;medium|hard|0.08977762237130285|0.15034790606610407|0.28932835913203925|0.37647525062187026|0.0940708618086836
2ef564600e757cbc96b2a20360cced9f45ab45ff19ba9a230e0715fffd0d52da;easy|hard|0.026110973506433287|0.08596172747148997|0.21976893555465912|0.4669885662423834|0.2011697972250342
f3689b3fed5367ea0074cbfdb4232a0f21d221c6438fa627a363e87ba7cac7e4;medium|hard|0.03239982523506627|0.21645200573012108|0.17258292787581414|0.35093902947688893|0.22762621168210947
9e2cede0c867a8c20bdcfce60f55ab4ac12e8f6210f43d59dbb7ce98ed36922c;very hard|hard|0.07104597479406047|0.05871682521762548|0.2167817657558545|0.45199698068835037|0.20145845354410924
c648dbda554430e18d41a5080d5cc32c3dcb1db88a25ba70389dd2911bedc792;medium|easy|0.18497736238031595|0.2700143869152886|0.24804296288518535|0.22209781890352387|0.07486746891568613
ddb00b0b4703e8fe02b86af7429e5faae3f751cccf5a52d229693b9a987f416a;very hard|hard|0.004314319752899699|0.017830700559938014|0.1014443732337733|0.6499604952180909|0.2264501112352982
6546b4510fa85ac12d26442b87dccae75cfb5106ab0e4df6ce93a6f3ce8b8b5d;very hard|hard|0.0006706399600458045|0.04315429151565077|0.10048429570721314|0.5120237653016323|0.3436670075154579
687f8052320ccd6785648f2ef83a0810232500488d4b63c189e42fdc6bca02d5;medium|medium|0.005960604064717124|0.27224647543368335|0.29103163222904627|0.22958665630410513|0.20117463196844818
6465903b17f41a15c0131e7675dbf6491844fa457dfbd05bd9548345332c782f;hard|very hard|0.02921281236206784|0.20507868814029115|0.07982102042063809|0.19272903548265138|0.49315844359435157
d88f6550ce5e29f57f08b0b55b8a5a017e705d1580d92602feb924c96f2e38e1;medium|very hard|0.004876996914624581|0.003845606939539522|0.02536670581255961|0.21476662792004106|0.7511440624132352
a5b9f9d7726a38f0b404566c82f1591faf427570c651bc20de3a5595e261f2c3;very hard|very hard|0.00792249689902871|0.0706594650624857|0.2453049695436408|0.21903713590372034|0.4570759325911245
09c08bd6ccafee7ced165d2d7e8fd24ccc1fabd3b88aa8e7c122e397bcfcc9e4;hard|very hard|0.04866232422978439|0.09641706149154546|0.11656591614931999|0.15661502508564562|0.5817396730437047
b11a6bc5d435cd584855495ccbfc794e0ce48b402aaaea619f9f67db807840c5;very hard|medium|0.04405262624368166|0.27065394485032623|0.28486151509125784|0.19912851634027404|0.20130339747446027
ed03891524ce6e8dd23b20069c8e57869f904f9d3023acdef57d42442e8a834c;very hard|very hard|0.002816717700168587|0.055143917491849506|0.14477100213150154|0.39729321390873223|0.3999751487677481
35338d2e186b98ddf7c47f95a1add87d54357c405f7d4094dc14ca0b64c41e6e;easy|medium|0.047357716489963994|0.07098553049711326|0.37671654478594774|0.3583685000877228|0.1465717081392522
416b128df34ae1ae6d6f8f49c82620f9cb80c20bbe3d2087a8622501a5f06ae3;very hard|hard|0.0022303123091369933|0.049397942931271234|0.19847567505988883|0.43753633498121647|0.31235973471848655
c15c98961015929fb379ec38bb879ace0626c496b658b6b8f137709d45f0d3e1;very hard|medium|0.07209486670592151|0.09592966100413323|0.32823334922525493|0.24980770109679942|0.2539344219678909
34d767b81912263357b2cfcece8456a80baf868514a6fe129405875401c6df1b;medium|hard|0.0022518239843652087|0.051232750481634434|0.15517407951178647|0.5163693669183879|0.27497197910382587
